904220102
034100106
733110901
094100503
073310507
044100405
974200410
155120102
974200401
023100402
035200528
974200407
974100461
043100405
974100454
004100403
983100404
035200530
003100410
017110403
023100418
996100403
053100442
974100432
014100107
974100462
006100417
974100437
055110501
995200462
974101108
934100901
973100407
996100414
005100404
995200466
017110404
995200483
023100430
002000701
995200402
026110402
995200475
045130405
975100420
047110405
035200525
013100407
993100432
993100422
015200479
996100424
045120412
045200401
046130402
003200405
0102
974100472
025100408
975200424
996100423
996100429
017110405
045110401
045210403
973100467
034100102
996100430
085230403
974200409
033100437
973100452
033100441
037110401
044230402
993100401
085230101
033100440
045110402
023200402
045200402
015200460
984100402
025100410
045250401
013100415
023200101
045200403
995200412
095240402
032130702
993100421
986100401
945120901
043310101
973200407
023100403
002000803
025200501
974200417
046130403
024100102
995200482
045120402
013110406
983200410
993100424
025100401
024220405
085240404
006130402
973100473
015120103
045220403
995200436
975200408
982110101
993100425
006130403
015200459
975100444
995200470
974100417
995200476
995200479
054100501
986100415
013200403
984100404
006100416
975100423
975200432
974100443
045111201
973200414
012000801
045201204
045201205
045201206
045201220
045201221
045201222
045201235
045201207
045201208
045201209
045201216
045201217
045201218
045201219
045201213
045201214
045201215
045201223
045201224
045201225
045201226
045201201
045201202
045201203
045201227
045201228
045201229
045201230
045201210
045201211
045201212
045201231
045201232
045201233
045201234
983200102
974200434
995200453
035200524
995200443
983200409
014100105
075220701
107110402
065230402
057110401
114210501
963130101
815110103
084210501
165111306
904100102
785110101
077110411
933110102
063100401
063310701
155221311
176110101
133110105
094100401
913120101
175210101
029140401
176110102
115120402
843120201
085220409
903110102
062216004
155131304
097110423
885110201
127110506
125120503
195130101
904220101
095240405
073120404
065130401
085220401
084100501
123110412
097110421
167110404
073120414
075220404
093110401
153121309
155110108
103120408
055230701
065230403
985240103
095230411
015250101
123110405
095230401
085120402
085130401
077110415
095230404
903110104
065220401
073310403
985220102
075220501
063310402
043202401
065220402
075230701
056110402
145110506
057110402
875210101
017110406
053110401
934100105
933130103
973100429
973200410
153130404
125200501
104210501
834220101
145230403
125200402
094100402
125230405
075220403
153110504
077110416
159151302
875120103
123110506
064230402
115220402
077110501
194220101
094210501
092130401
155211305
086130408
956110101
076130401
885110107
883110101
974100436
923130101
057110501
873110104
955110102
883110103
123220401
103120403
117110401
064230502
133100505
143210104
973200409
905220102
083110401
093200403
057110410
184100103
966120101
135231103
155240103
105250401
095130401
076130403
052130101
085220410
965230101
083210503
153131309
075230401
834210101
166120101
047110434
083210401
043310105
094100101
883110102
075220421
115120403
124210401
113210505
105230101
145230402
065110501
077110417
025100407
075230702
085120501
084230504
155220110
123110411
123110101
053130501
107110401
076100501
157110405
055250502
185111304
093200402
126130507
065120501
093120401
105230401
123120504
144210101
073120415
056130401
165131302
073110101
103210402
126130401
145220102
093200101
753110202
154230401
055240402
044230403
085240405
045130401
077110418
095230405
194230101
105250402
096130101
156131305
095230406
176131301
055230401
053310501
166120102
097110413
052216101
063120401
883130102
095230101
086130404
124100101
055210503
113110407
115230406
107110403
873120101
052110101
064220401
013200101
013120101
973100416
132121101
013200401
055200501
076130402
015120101
145250502
933110101
083110101
005220101
095240403
073110402
085220411
073310404
935120101
975100429
086120401
173120505
073120405
883120102
116130101
865210105
925120102
934100103
155230103
077110414
764100102
156141302
146110504
103200401
065230701
065230410
097110401
036130103
109130407
165131301
116110401
843110101
815210103
934210101
073120501
097110416
117110402
013110409
123220402
165111301
974200419
913120102
133120505
077110401
986130105
174230102
125110101
146110101
165211302
075220405
844100101
095130403
913110101
075230409
164100101
023120105
184100104
136111102
154100111
165131303
884220101
075230703
046130405
974100421
037110403
003200401
974100441
982000801
993100404
973100411
995200403
974100403
975200417
993100426
006100404
973100451
046110402
047110406
002000804
975100410
995100407
023104401
972000802
974100401
045120407
974200413
973100465
993100405
915210901
003200402
045220402
976100407
993100443
085230102
053200401
047110401
973200413
975100443
023200403
004100409
004100406
984100408
015200496
974200414
825110101
863110103
815210101
073310505
095220402
153111308
014100110
117110403
775110101
115230401
096130408
064100502
083210501
105230407
805110201
954100103
117110412
056110403
077110435
117110404
132311101
113110408
015110101
095220403
077110419
156141303
047110403
107110404
127110507
106130501
073110501
063100501
095220501
113210502
055210504
014100109
835220101
873110102
075250401
073310508
063310401
096130501
823110203
094230501
103120407
113130401
154221303
046130401
056110401
023100420
956100301
027110527
085230404
031000101
053310101
053200101
045101201
113120401
116120402
057110411
074106601
077110420
125220404
094100403
097110422
057110409
155221302
135231101
115230407
185210101
126130405
062216102
815110102
156131304
046110401
993100415
974100434
974100453
046120401
043100456
015200450
033100434
973100402
975100415
037110424
043100407
764100901
032130701
996100445
996100420
047110402
999999999
003100402
974100474
037110404
985230103
085230103
046110403
996100417
023100422
043200102
996100411
015200485
975100402
034100107
953200301
013110408
992130802
995100405
052100520
975100411
995200484
914220901
984100405
025200504
110002
110003
110004
2010231
052000001
052000002
052000003
052000004
052000005
052000006
052000007
052000008
052000009
004230199
033120001
033110001
033130001
004100199
003200199
003120199
003120198
003110199
003110198
003130199
003130198
006130199
006120199
006110199
004210199
005120199
005240199
005230199
005210199
005130199
005250199
005220199
005110199
004220199
017110001
043170401
043120401
043110401
043130401
043160401
043180401
001000198
001000200
109160101
109160110
109160111
109160112
109160113
109160114
109160102
109160103
109160104
109160105
109160106
109160107
109160108
109160109
024100101
10231001
046110409
047110407
973100436
043310403
046130407
993100444
045120403
045120410
975200429
015200481
854210101
764100203
074100401
865210104
085220412
185220101
126110403
123110507
086110402
127110508
115120502
125120505
056130701
933120101
073310501
093120406
169111301
063206601
075120401
075220422
055230702
097110402
077110421
117110414
165131304
093120405
166120103
085230501
126130508
107110416
125120504
096130404
125221111
134101102
136151101
127110502
075220423
077110422
005210101
933130105
077110423
136151102
105230402
075230410
086130405
107110405
077110424
176110103
125230406
165110105
075230411
075120403
056130702
152131302
073120416
093210405
815210104
052100503
075250403
126110404
124100501
764100202
045110410
127110501
073310509
854220101
094100404
175250404
095220405
815110104
815210102
065210401
035240102
155111301
125221110
126130406
075230408
077110425
057110403
016120101
873110103
127110509
114100505
045120411
077110426
073120406
075120404
105210101
083120512
126130402
125221107
155220509
189130101
864100201
993200408
974200440
046130406
996100428
995200472
055210501
993100407
993100427
986100419
035200529
975200428
996100431
972000803
045110404
973100464
033100438
024100103
974100427
983200404
974100429
995200413
973100415
037110405
015120102
995200409
037110406
043100408
055230501
017110407
044100401
046130427
025200505
047110408
975200419
026120401
154221304
055220401
123130501
074100403
855110101
853130201
065110401
966110103
074100501
062216104
062116104
107110406
065220403
113110404
075220406
003130102
094100405
094100406
025100406
094100407
123120505
083120514
935220101
185130402
064100401
082120401
155231301
085110501
115230408
133111103
083200402
103120501
127110101
126110505
953200101
053200701
073120417
083200101
986130101
096130405
825110201
116120401
126130409
125230401
784100201
113210402
065220404
133230101
086130402
056110404
165111302
115230409
075220419
075230403
865220102
873120102
133120507
085220408
055130401
904100104
077110427
835220105
983200408
077110402
093210406
103120502
875120104
097110415
077110428
037110407
103200403
147110202
975100403
974100428
975100426
973100447
995200401
085230405
047110409
013100413
995130102
973200419
973100426
053100401
043310106
023100421
014100404
055100003
995200446
046130408
037110408
994100422
173130101
125230501
073110401
185210102
125230402
175250403
845210101
885110104
117110405
154230103
083210402
115230410
055240403
155130507
905120101
153200101
107110407
084100502
133111102
865210103
097110417
986130106
057110412
017110101
126130510
985230102
885110102
115230403
095110501
063206602
055230506
175230101
156121311
075230412
055230507
105230102
161001303
085250401
117110406
115220403
125230403
075120402
055130402
165131305
133111101
117110407
105240101
074210501
115230411
145240501
106130101
073120401
103120503
184230101
005110101
075230413
097110418
073120407
023120103
093110402
123110508
097110403
953200102
164100102
184210101
995200464
995100406
006130401
035200532
113120402
035240544
976100409
973100443
995200460
115250401
115230404
073120502
077110429
156120103
182310101
163230101
097110409
075230420
127110510
865210102
135110506
053310401
075220407
103120504
143230101
995200487
975100450
045250402
023200408
974200416
993100419
993100418
004100408
975200411
015200492
994100427
047110410
046120701
975100405
973100419
035200351
046110404
015200489
996100444
006100407
013100410
974100408
044100101
024100403
045210402
973100474
015200476
993200409
055230502
983200411
053100402
983200413
973200401
744210101
925120903
984100412
055230503
045250403
995200451
994100424
995200447
994100418
005100402
013110411
995200415
046110405
015200500
023200401
047110404
974100458
995200425
047110411
052000801
044230404
975100417
975100439
993100403
023100431
014100401
135130501
156120210
103210501
883120104
056130703
183230101
075120503
114100503
105230103
044210401
904100105
064220501
064230501
117110413
875120105
075220409
125220501
123230101
935120103
045110407
075220408
125230101
765110101
083210504
905220101
115230402
107110408
155111305
053120501
093200102
103120409
835110202
062216105
062116105
955220101
095220101
073120504
143230103
195240101
063310501
875210537
076110402
885120102
109130501
103200101
885110105
135230403
023130102
025200526
795210101
133210501
163110102
056120401
095130402
106130401
055240501
064230401
057110404
983200104
093210401
993130101
097110410
074100402
103120101
063206603
087110401
085230401
123110403
117110408
117110409
075230704
095130404
123100504
153210506
104100502
835220104
015130101
834220103
155241305
094100501
073310401
126110506
974100475
085230408
755110901
975200418
983100405
015200458
024200405
983100401
025200506
986100406
037110409
996100442
055100004
974200406
874100901
844220102
046130409
995100401
046130410
974200435
023200410
973100435
045230402
995200457
054100502
973100428
973100450
046130411
974100420
023100434
974100450
035240545
017110408
994100421
045120408
113120403
974100410
063310408
973100410
043310107
986100420
983100406
745110101
083120402
143210105
155240104
077110403
154101315
155210506
057110201
156121312
083120513
085220413
845110102
935120102
935220102
824220101
107110409
884220102
065230411
186120101
065120401
054230401
103200404
155131302
073120505
134100109
104100403
855210101
154101304
084230501
063206604
883110104
077110502
074200507
055250401
103120405
095230407
076120401
077110430
123220403
995120102
135250501
925220101
123230102
085220404
097110404
175250102
097110414
062216005
045230101
983200105
986120101
865110103
105230104
017110409
056130501
903120101
074100502
113210501
153110102
065240401
065220701
076130404
073110403
985240102
046130434
975200423
976100411
045110403
995200478
005110102
974100466
014100403
013100412
975200415
982130805
982000701
993100420
006100405
014100405
986100410
973100421
125120401
956110102
933130101
124100102
052316001
003100420
163131301
105120101
824100202
183110101
075230404
065230404
943120101
105120102
753110201
085220414
046110408
116130102
165131306
109130406
144100401
144230507
844220101
073110404
109130402
984100407
974200403
996100433
034100104
994100428
045110408
996100448
996100425
995200452
983104402
025200507
047110412
995200486
006100408
975200407
024100404
993100406
003100423
974100418
046130412
973200406
974100407
005200106
005200101
005200117
005200109
005200115
005200116
005200113
005200111
005200112
005200120
005200118
005200104
005200108
005200110
005200107
005200119
005200102
005200105
005200114
005200103
974100465
055100001
005200406
973100422
024220404
037110410
095220406
825210201
096130406
924100104
057110502
143230102
966110102
903110103
123110401
925110102
123110509
123100501
163110101
063310502
923120101
105210102
076120403
074200501
083120503
113120409
126110401
143120403
113110502
995200435
053120401
164210101
126140101
093210402
813120202
065250401
162310401
084100401
103110501
113210401
145230101
097110501
097110425
063310405
085220405
046130413
047110413
005100405
043310407
894100901
034100101
043100401
015200499
973100463
045230406
113120410
153131310
885110106
075230705
103120410
193200103
095220502
073120506
113200101
183200101
104100503
104100505
155211303
156140101
017110102
067120701
095240404
104100402
143130405
154100112
165211301
063110402
154220501
075230405
123100502
055120502
005130101
083120510
086130406
155130111
093210403
775110102
784210101
863120201
924210103
023200405
975100414
914220101
015200488
914210101
865210101
194220102
075220410
064220403
954100104
975200413
973100408
974100449
045250407
025200502
053110501
975200414
125120506
933104402
053100403
052120401
974100444
037110411
974100439
993100402
993200407
973100423
123130401
006100406
013100401
003100407
986100405
975100428
125130502
973100445
973100434
047110415
045230401
974200427
005200405
975200420
992000704
035240546
013110404
047110416
045110405
996100401
006100412
986100404
973100432
044100402
043310103
993100431
993200402
047110417
994100415
015200494
733110101
974200439
973100425
025200508
993100414
976100415
974200436
055110502
045220401
003200404
982000804
996100412
983200407
994100416
017110410
972000801
055110401
996100435
974100402
995200438
004200402
974100438
975200421
974100415
045250101
974100412
993100433
974101101
974100473
974100423
995200477
996100422
975200422
046130421
055110101
986100407
974100467
973100472
995200468
024200402
024200403
974100431
973100412
006130101
045230103
045120409
986110102
983104401
983102401
054100503
983200406
055230505
015200498
993100434
934220901
973200405
013200402
982000702
993100428
974100442
996100409
003100405
002000802
013100409
974100456
006100403
017110411
973100471
045130408
006130404
992000801
015200454
046130414
973100439
973200404
047110418
824100101
096130403
087110101
125240501
023120104
092130402
094100102
156121301
053100404
196120101
054230402
135110407
185111302
129170401
975200430
805220101
923120102
095120401
125120501
135230407
075220411
154230104
052316101
923110201
986130102
043310104
183230102
064100504
084100101
824100203
093120101
015240101
103120505
065220405
113210504
065230405
127110511
095230408
132111102
077110404
113130402
075100501
955110103
077110405
934100106
084230402
127110512
003200102
097110101
117110415
115220401
052316102
073310502
006100413
843110103
855110201
083120501
885110103
065250402
986100402
077110412
005100401
954100102
844100201
164220101
096110401
073120402
115120501
096130407
084230505
105250403
953130102
107110101
074200502
115250101
013200404
835220102
097110412
143110401
153120501
815110201
085220402
843110104
973100466
055110402
854100201
175210102
075220412
092110401
864210102
156141305
983104403
924100101
065240404
125230510
107110410
974200431
065230406
095220401
117110416
884100103
156121308
823110201
883110111
084210503
114100502
065230412
834100101
073110405
045230102
075230406
074230501
095230412
156111303
065230409
924220101
935120104
164231301
181560510
072110401
153130516
083210403
145250101
084210502
186120102
146110505
993200410
184210102
103200102
073110502
105220101
123210401
005250102
015220101
135111101
124210101
103120404
135110405
065110402
063310403
004100402
064220402
077110503
125230404
085230402
107110102
103210401
183230503
075230414
166110102
035230102
123210501
904100101
126110507
043100402
103120411
173120502
099120501
795110101
093210404
845120101
873110101
914100101
823120201
052100505
883110108
065230413
095230409
085240402
843110105
764100201
823110202
052100518
055240405
824100204
154101305
103210403
146151303
062216101
113130501
063310702
864220101
004100407
046130433
045120404
974100445
973200408
045120406
023100419
976100413
042130701
986100416
975100413
023200406
005100403
983200414
973104401
045230405
037110412
974100435
996100439
974100469
003100404
025200511
045250404
006100418
996100413
993100435
006100411
013110412
993100408
993100430
033100435
073120418
143210101
052316103
095240401
116130401
954220101
123100503
874100201
053110402
073206605
076120402
075220413
104100405
824100201
126150101
125130401
093200404
903120201
904100108
057110503
063206606
041002475
103120406
052130103
077110431
093200103
092210201
123210404
965120101
943120102
986120103
055110503
075230706
119170401
062216103
073120517
155111306
115230101
057110413
107110411
073120408
083120401
073120419
974100419
063200402
073310510
096130401
097110424
185130403
097110102
843110102
853110201
073120507
065240402
095230402
165210101
095220410
094100409
014210101
095230413
073120508
933110103
077110406
075220414
075250501
083120504
044230405
045230104
063310404
105220401
156120104
127110503
063110501
863110101
135210501
124210501
115220405
107110501
105230403
075120405
097110405
904100106
037110413
154101306
953110101
052316104
126110408
083120511
084230401
095110502
073120509
037110423
984100413
013100402
085240501
083200501
083100401
096130102
106130102
982120202
974100471
015200491
995200454
013100411
023100427
017110414
046120402
015200487
015200456
015100401
006130409
973100440
995200461
003100406
046130415
996100441
045250801
045250406
973100414
045220404
993100436
025200522
992126001
052120102
077110432
017110413
005250103
057110405
066120401
105230408
076130405
986130103
073120510
125130403
135111102
103120412
833120201
073110406
086130403
875210102
113210403
127110513
065240403
135111103
913120103
052316105
074200503
953130101
924100102
974100413
064100501
055250501
063310703
132311103
067110204
155130112
053310402
083210502
085220416
027110416
029140402
086110401
193110103
097110103
085120101
093120501
155131303
963200102
155221303
003100421
975100401
835220103
025100405
063206608
996100415
035250549
993100437
05423004
054230404
094100412
975100435
974100440
973100433
973100437
975200431
046130428
025240101
043310404
995200473
043310402
004200401
085230406
055210502
993200406
033100436
0302
996100432
995200469
046130416
006100401
025200514
005220750
994100420
764210101
023100432
995200471
046130429
055100002
984100401
043310408
051002460
046130417
996100410
993100416
995200421
974100430
993100409
045110406
974200426
015200490
004100405
046130426
055120503
014200402
995100403
995200442
046130430
974200429
974200420
003200403
055230504
073120420
975100408
095220404
113110406
963200101
986110101
865220101
017110417
114100501
077110433
077110434
123210101
073120511
075230415
113110409
055210505
985240101
133220101
113110401
125230509
123110510
076110403
097110104
145110404
156111305
075220402
924210102
155230402
065230408
073120512
126110501
154230106
063310409
075230424
107110412
065220406
077110407
077110408
104100101
113210101
953200103
066100501
085220417
052316002
903120103
113210503
113120411
125230511
093200104
094100410
925120101
066110401
153111306
056120402
195230101
017110418
097110420
114100401
113110503
095230410
934100104
073110503
062216001
075240501
864100202
033120104
075220415
065240501
094100411
075220420
963200103
055130403
135230504
875120102
053110404
075220416
115230405
062216002
005250101
017110419
006120101
084230502
117110410
117110417
123220404
153121307
154101307
152131301
164231302
113120412
065120502
046130102
924100103
966110101
013130101
097110419
097110411
055240404
073310503
073110504
083120502
093120402
077110436
116110402
033200101
113120413
132111101
105230501
075230416
134100501
075220502
115220404
093120403
986120102
123110504
103200501
103110502
023200409
017110301
834100201
845220101
073120421
855110102
075230402
973100406
972130801
975200412
983200402
006100410
975200433
976100408
973100401
015200462
034100103
993100438
993100439
996100405
015200475
973200403
023200404
035210540
043310406
993100417
995200407
046130418
995200428
046130419
045120405
974100411
037110415
025100411
945110101
025200515
995200445
043100406
025100409
043310401
974100425
024100402
975200405
045130402
974200415
694100901
014100108
974100447
996100440
974100464
026130401
993100410
995200467
993200404
043310102
974100406
982000703
986100418
973100403
047110420
975200406
974100416
974100405
975200425
017110422
014100402
976100412
973100409
974200402
995200418
975100404
995200406
047110421
983200405
037110416
045230404
995200455
983200412
975200426
002000805
976100402
986100411
993200401
995200480
996100443
047110422
973200103
975100424
043200401
015200461
045110409
016100401
995200420
996100408
973100454
983200401
995200422
995200431
006100402
024100401
924220903
996100426
996100427
975100412
006130405
004100401
975100432
973100455
975200403
013100406
013110410
025200516
025200517
995200439
973100405
973100459
995100404
994100423
013100414
974100446
995200440
035240550
003100409
973100442
003100422
993200103
015200455
993100441
032000801
972130802
023100428
047110423
996100404
996100406
995200408
995200459
973200418
983100407
047110424
995200417
996100421
013100403
047110425
995200463
974100463
995200474
996100449
973100478
984100403
974200428
983200403
995200448
973100420
975100416
005200402
079156601
035220536
976100404
994100426
973100424
933104401
043100403
025200503
023100416
014200401
975200435
995200437
045250405
046110406
973100418
974200418
986100409
035210538
023100423
047110426
996100450
047110427
023100417
996100402
973100448
995200430
986100413
974200408
045130404
047110428
974100448
974100426
974100414
075230708
974200424
005200401
974100460
974100422
024100104
973100470
006130102
085230407
933130102
864100101
103120413
073310506
075220401
095230403
156120105
884100102
103200402
063110403
157110402
135250502
127110514
883110105
067110401
041002415
845110101
116120403
135230508
055220501
934100101
186110101
053110403
073120409
155230104
073310402
073310405
113120404
112310401
155241302
974100409
105230404
073120410
113120101
086130501
065230407
017110420
153130501
854210102
053100405
075250402
963120101
083120403
076110401
075220424
085220406
083200401
063310406
085120401
154220102
156130103
144230403
054230405
014100111
134101104
103120401
993100440
017110421
073120513
123120403
063110404
093120404
073200401
883110107
833110202
154100103
113120414
073120403
046130101
125220405
107110415
835110201
077110437
174230103
854210103
075230707
003200101
065240405
124230101
075110501
885110101
924220102
823110204
954100101
105220102
945230102
113110501
986130104
135230506
883110109
973100460
035202407
974100404
774100201
904100107
865110101
183210404
094100502
823110206
036130102
155220508
086130407
055110504
046130422
127110515
063310407
057110406
134101105
883120101
114230401
885120101
096130402
104100501
054230403
973100462
845210102
109130403
903110101
933130104
865110201
113120408
065230414
824100205
075210401
109130401
064100503
865110102
805210101
123120506
864210101
104100401
123120501
115250402
833110201
124100502
115120401
083200502
103210404
073310511
763110201
017110423
845220202
083120505
793110201
815210201
056110405
904100103
825210202
086110501
875120106
155131313
885120103
063310505
135130109
074200504
053310502
055200401
093200405
103120402
109130405
983200101
096130409
083120506
925210102
106120401
104100504
084220501
863110102
953120101
823110102
074200505
062216003
017110424
097110426
103110401
733110201
126100401
113110402
133100508
804100101
184220102
813120201
055230703
114100101
864210103
135120505
084230503
073120411
046130420
006130406
017110425
975200416
974200411
972130803
044230401
033100439
006100409
995200427
974100470
976100403
046110407
995200481
037110417
037110418
017110006
017110007
017110008
017110002
017110003
017110005
017110004
001000199
973200416
995100408
113110403
995200434
986100417
975200404
044100403
974200433
015200478
047110429
006130407
003100424
046130431
006130408
004100404
095250401
043100404
003100419
046130424
974100457
037110419
815110101
914210102
055220502
016120102
103120414
127110516
985230101
985220101
077110413
065230401
105230406
083120507
083200403
093110101
066120403
043200101
973200411
052316003
073120514
073120515
155211304
073120412
017110426
083120509
057110414
005240102
093210407
052100701
095220407
106110501
135231102
055240401
085220418
935120201
114100504
097110406
132311102
935110101
113110405
053110405
066120402
126130404
085250402
123120402
063310503
073110505
883110110
054100404
105250404
925210101
144230502
156110502
875110101
106120501
125210401
003100408
023100426
986100403
974100452
113120405
973100431
025100402
017110427
085240502
075230709
097110105
983200103
134101106
047110101
086110404
165211304
883130101
077110409
107110414
109130404
057110202
084230403
995100402
037110420
117110411
125220406
136111101
155111310
085250403
175210103
125221109
056130704
113120415
993100411
995200433
994100417
973100458
996110044
046130425
005200403
995200441
995200444
025200518
044100404
996100436
045210401
975100418
975100409
047110430
113120406
037110421
005200404
015200480
993100442
976100401
023100429
015200453
973100417
973100444
933102101
013100408
973200417
043310405
973100441
035240542
047110431
025100404
097110407
135230505
154101308
105230405
073310504
073310406
164100504
135111104
075220417
985240104
126130502
075230417
074200506
093200105
085240403
105110501
104100404
025230101
075250404
156141304
785110201
875110107
075230418
057110407
063110401
983100403
153201302
126110509
864100102
135110411
025200519
073120422
085230409
073120516
127110401
062216106
062116106
073120413
056130402
875120101
185111303
075120101
085220407
013110101
166120104
177111302
043110501
023200407
0301
993100412
045130101
017110429
037110422
025200520
045130102
976100405
006130103
075230419
165111304
973200412
873110105
107110103
095220408
135130503
077110410
113120407
107110413
085220403
086130409
126130403
123120507
094230401
075230407
084230404
945230101
035210101
104230101
061002409
027110428
083120508
155120501
057110203
983200106
076130501
995120101
052316004
095110101
883120103
903120102
986110103
183120103
096130502
086110403
924210101
025250101
045240101
974100451
976100406
996100418
934210301
006100414
023100424
904210101
993100423
974100459
047110432
834210102
976100416
974100433
046130432
085220501
883110106
125220502
955110101
823110205
965240102
027110430
165210505
884100101
063310504
065230415
075250405
975200401
154230105
075220418
063200401
073110506
103200502
057110408
823110101
063120402
995200456
1399930053
065200501
